   PRESSURE     HEIGHT       TEMP      REL H
       0.10   81372.21     241.64       0.00
       0.20   74294.55     249.08       0.00
       0.50   63351.00     258.93       0.00
       1.00   55767.04     266.37       0.00
       1.50   51866.04     265.27       0.00
       2.00   49276.07     264.50       0.00
       3.00   45402.48     257.63       0.00
       4.00   42887.18     250.46       0.00
       5.00   41053.18     246.06       0.00
       7.00   38170.30     240.74       0.00
      10.00   35148.32     236.39       0.00
      15.00   31686.39     233.44       0.00
      20.00   29407.20     228.77       0.00
      25.00   27732.05     225.92       0.00
      30.00   26408.59     223.60       0.01
      50.00   22042.44     211.27       0.38
      60.00   20804.80     205.13       1.64
      70.00   19803.40     199.10       6.84
      85.00   18553.79     196.30      23.32
     100.00   17539.16     197.54      38.41
     115.00   16671.27     199.94      49.87
     135.00   15652.77     204.09      55.39
     150.00   14988.56     207.46      56.79
     200.00   12963.07     218.35      48.83
     250.00   11364.12     228.30      38.87
     300.00   10026.62     238.04      32.86
     350.00    8864.45     246.59      37.77
     400.00    7832.36     253.80      39.27
     430.00    7274.54     257.39      40.20
     475.00    6485.07     262.73      40.59
     500.00    6079.69     265.46      41.32
     570.00    4989.97     272.22      44.13
     620.00    4289.38     276.45      45.29
     670.00    3634.98     280.38      46.02
     700.00    3266.30     282.53      47.04
     780.00    2317.71     287.36      52.75
     850.00    1559.21     290.88      59.95
     920.00     853.73     293.63      68.18
     950.00     571.35     294.69      71.10
    1000.00     113.70     296.18      74.99
    1013.00       0.00     296.86      74.99