Freq(GHz), Radiance
50, 2.03798e-16
50.1, 2.0398e-16
50.2, 2.04135e-16
50.3, 2.0426e-16
50.4, 2.04354e-16
50.5, 2.04416e-16
50.6, 2.04457e-16
50.7, 2.04459e-16
50.8, 2.04423e-16
50.9, 2.04348e-16
51, 2.04223e-16
51.1, 2.04108e-16
51.2, 2.03936e-16
51.3, 2.0372e-16
51.4, 2.03459e-16
51.5, 2.0313e-16
51.6, 2.02876e-16
51.7, 2.02561e-16
51.8, 2.02207e-16
51.9, 2.01817e-16
52, 2.01356e-16
52.1, 2.01066e-16
52.2, 2.00771e-16
52.3, 2.00463e-16
52.4, 2.00171e-16
52.5, 1.99816e-16
52.6, 1.99729e-16
52.7, 1.99836e-16
52.8, 1.99947e-16
52.9, 2.00153e-16
53, 2.00256e-16
53.1, 2.00567e-16
53.2, 2.01614e-16
53.3, 2.02515e-16
53.4, 2.03408e-16
53.5, 2.03846e-16
53.6, 2.06316e-16
53.7, 2.06151e-16
53.8, 2.07981e-16
53.9, 2.09015e-16
54, 2.08621e-16
54.1, 2.06206e-16
54.2, 2.08279e-16
54.3, 2.1181e-16
54.4, 2.12685e-16
54.5, 2.10736e-16
54.6, 2.05539e-16
54.7, 2.05362e-16
54.8, 2.08565e-16
54.9, 2.10976e-16
55, 2.09081e-16
